#Epoch #Date #Time #Encoder #S-Decoder #I-Decoder #Accuracy #Stability #Noise 
 1     | 05-10-2022 | 09:56:10 | 1.01552 | 1.01552 | 0.00391 | 0.50302 | 0.73606 | 0.00609
 2     | 05-10-2022 | 09:58:15 | 1.00073 | 1.00073 | 0.05731 | 0.49838 | 0.74398 | 0.00880
 3     | 05-10-2022 | 10:00:20 | 0.99774 | 0.99774 | 0.06251 | 0.50101 | 0.74660 | 0.00780
 4     | 05-10-2022 | 10:02:24 | 0.98966 | 0.98966 | 0.06250 | 0.50021 | 0.74525 | 0.00397
 5     | 05-10-2022 | 10:04:27 | 0.97997 | 0.97997 | 0.05208 | 0.50020 | 0.74494 | 0.00523
 6     | 05-10-2022 | 10:06:33 | 0.96975 | 0.96975 | 0.06250 | 0.50205 | 0.74619 | 0.00367
 7     | 05-10-2022 | 10:08:37 | 0.96028 | 0.96028 | 0.06250 | 0.49940 | 0.74731 | 0.00964
 8     | 05-10-2022 | 10:10:40 | 0.94790 | 0.94790 | 0.06250 | 0.49866 | 0.74563 | 0.00484
 9     | 05-10-2022 | 10:12:45 | 0.93514 | 0.93514 | 0.06250 | 0.50185 | 0.74708 | 0.01280
 10    | 05-10-2022 | 10:14:52 | 0.91785 | 0.91785 | 0.06250 | 0.49820 | 0.74740 | 0.00872
 11    | 05-10-2022 | 10:16:57 | 0.89822 | 0.89822 | 0.06250 | 0.49879 | 0.74619 | 0.00780
 12    | 05-10-2022 | 10:19:03 | 0.87410 | 0.87410 | 0.06250 | 0.50025 | 0.74799 | 0.00781
 13    | 05-10-2022 | 10:21:10 | 0.84621 | 0.84621 | 0.06250 | 0.49899 | 0.74738 | 0.00781
 14    | 05-10-2022 | 10:23:16 | 0.81100 | 0.81100 | 0.06250 | 0.50169 | 0.74832 | 0.00939
 15    | 05-10-2022 | 10:25:21 | 0.76901 | 0.76901 | 0.06250 | 0.49984 | 0.74790 | 0.00927
 16    | 05-10-2022 | 10:27:26 | 0.71775 | 0.71775 | 0.06250 | 0.50024 | 0.74809 | 0.00865
 17    | 05-10-2022 | 10:29:30 | 0.65712 | 0.65712 | 0.06250 | 0.50000 | 0.74835 | 0.00284
 18    | 05-10-2022 | 10:31:37 | 0.59021 | 0.59021 | 0.06250 | 0.49871 | 0.74736 | 0.00314
 19    | 05-10-2022 | 10:33:43 | 0.52200 | 0.52200 | 0.06250 | 0.49803 | 0.74700 | 0.00925
 20    | 05-10-2022 | 10:35:49 | 0.45595 | 0.45595 | 0.06250 | 0.49860 | 0.74655 | 0.01014
 21    | 05-10-2022 | 10:37:54 | 0.40430 | 0.40430 | 0.06250 | 0.49788 | 0.74637 | 0.00927
 22    | 05-10-2022 | 10:39:58 | 0.36835 | 0.36835 | 0.06250 | 0.50149 | 0.74665 | 0.00500
 23    | 05-10-2022 | 10:42:02 | 0.35039 | 0.35039 | 0.06250 | 0.49866 | 0.74601 | 0.00859
 24    | 05-10-2022 | 10:44:06 | 0.34171 | 0.34171 | 0.06250 | 0.50063 | 0.74534 | 0.00461
 25    | 05-10-2022 | 10:46:10 | 0.33747 | 0.33747 | 0.06250 | 0.50156 | 0.74489 | 0.00768
 26    | 05-10-2022 | 10:48:14 | 0.33554 | 0.33554 | 0.06250 | 0.49952 | 0.74468 | 0.00455
 27    | 05-10-2022 | 10:50:19 | 0.33474 | 0.33474 | 0.06250 | 0.49771 | 0.74493 | 0.00776
 28    | 05-10-2022 | 10:52:22 | 0.33426 | 0.33426 | 0.06250 | 0.49925 | 0.74398 | 0.00300
 29    | 05-10-2022 | 10:54:26 | 0.33377 | 0.33377 | 0.06250 | 0.49819 | 0.74434 | 0.00774
 30    | 05-10-2022 | 10:56:30 | 0.33393 | 0.33393 | 0.06250 | 0.50049 | 0.74368 | 0.00776
 31    | 05-10-2022 | 10:58:34 | 0.33315 | 0.33315 | 0.06250 | 0.50056 | 0.74445 | 0.01073
 32    | 05-10-2022 | 11:00:39 | 0.33301 | 0.33301 | 0.06250 | 0.49969 | 0.74335 | 0.00772
 33    | 05-10-2022 | 11:02:44 | 0.33291 | 0.33291 | 0.06250 | 0.50059 | 0.74387 | 0.00995
 34    | 05-10-2022 | 11:04:48 | 0.33283 | 0.33283 | 0.06250 | 0.49977 | 0.74306 | 0.00913
 35    | 05-10-2022 | 11:06:53 | 0.33275 | 0.33275 | 0.06250 | 0.49937 | 0.74356 | 0.00543
 36    | 05-10-2022 | 11:08:57 | 0.33278 | 0.33278 | 0.06250 | 0.50111 | 0.74388 | 0.00765
 37    | 05-10-2022 | 11:11:03 | 0.33263 | 0.33263 | 0.06250 | 0.50320 | 0.74344 | 0.00760
 38    | 05-10-2022 | 11:13:07 | 0.33261 | 0.33261 | 0.06250 | 0.49978 | 0.74367 | 0.00438
 39    | 05-10-2022 | 11:15:11 | 0.33253 | 0.33253 | 0.06250 | 0.50048 | 0.74352 | 0.01150
 40    | 05-10-2022 | 11:17:17 | 0.33250 | 0.33250 | 0.06250 | 0.49825 | 0.74275 | 0.00976
 41    | 05-10-2022 | 11:19:21 | 0.33246 | 0.33246 | 0.06250 | 0.50066 | 0.74332 | 0.01053
 42    | 05-10-2022 | 11:21:27 | 0.33245 | 0.33245 | 0.06250 | 0.49860 | 0.74268 | 0.00776
 43    | 05-10-2022 | 11:23:31 | 0.33249 | 0.33249 | 0.06250 | 0.49961 | 0.74228 | 0.01195
 44    | 05-10-2022 | 11:25:36 | 0.33256 | 0.33256 | 0.06250 | 0.50267 | 0.74266 | 0.00902
 45    | 05-10-2022 | 11:27:40 | 0.33260 | 0.33260 | 0.06250 | 0.50264 | 0.74242 | 0.00446
 46    | 05-10-2022 | 11:29:44 | 0.33230 | 0.33230 | 0.06250 | 0.50092 | 0.74338 | 0.00452
 47    | 05-10-2022 | 11:31:49 | 0.33246 | 0.33246 | 0.06250 | 0.50064 | 0.74239 | 0.00448
 48    | 05-10-2022 | 11:33:53 | 0.33231 | 0.33231 | 0.06250 | 0.50156 | 0.74290 | 0.00486
 49    | 05-10-2022 | 11:35:56 | 0.33226 | 0.33226 | 0.06250 | 0.49698 | 0.74191 | 0.00975
 50    | 05-10-2022 | 11:38:00 | 0.33227 | 0.33227 | 0.06250 | 0.50133 | 0.74252 | 0.00969
 51    | 05-10-2022 | 11:40:04 | 0.33234 | 0.33234 | 0.06250 | 0.49908 | 0.74302 | 0.00766
 52    | 05-10-2022 | 11:42:08 | 0.33221 | 0.33221 | 0.06250 | 0.50072 | 0.74227 | 0.00757
 53    | 05-10-2022 | 11:44:12 | 0.33220 | 0.33220 | 0.06250 | 0.49983 | 0.74171 | 0.00337
 54    | 05-10-2022 | 11:46:16 | 0.33217 | 0.33217 | 0.06250 | 0.50117 | 0.74239 | 0.01074
 55    | 05-10-2022 | 11:48:21 | 0.33217 | 0.33217 | 0.06250 | 0.49924 | 0.74244 | 0.00901
 56    | 05-10-2022 | 11:50:25 | 0.33207 | 0.33207 | 0.06250 | 0.49844 | 0.74169 | 0.00746
 57    | 05-10-2022 | 11:52:30 | 0.33218 | 0.33218 | 0.06250 | 0.49870 | 0.74208 | 0.00758
 58    | 05-10-2022 | 11:54:34 | 0.33214 | 0.33214 | 0.06250 | 0.49899 | 0.74155 | 0.00745
 59    | 05-10-2022 | 11:56:38 | 0.33206 | 0.33206 | 0.06250 | 0.49930 | 0.74158 | 0.00441
 60    | 05-10-2022 | 11:58:42 | 0.33208 | 0.33208 | 0.06250 | 0.49992 | 0.74193 | 0.00807
 61    | 05-10-2022 | 12:00:46 | 0.33221 | 0.33221 | 0.06250 | 0.50008 | 0.74184 | 0.00745
 62    | 05-10-2022 | 12:02:49 | 0.33202 | 0.33202 | 0.06250 | 0.49963 | 0.74217 | 0.00452
 63    | 05-10-2022 | 12:04:53 | 0.33206 | 0.33206 | 0.06250 | 0.50019 | 0.74164 | 0.01082
 64    | 05-10-2022 | 12:06:58 | 0.33207 | 0.33207 | 0.06250 | 0.49922 | 0.74234 | 0.00745
 65    | 05-10-2022 | 12:09:02 | 0.33196 | 0.33196 | 0.06250 | 0.50083 | 0.74154 | 0.00743
 66    | 05-10-2022 | 12:11:06 | 0.33204 | 0.33204 | 0.06250 | 0.49877 | 0.74213 | 0.00749
 67    | 05-10-2022 | 12:13:11 | 0.33203 | 0.33203 | 0.06250 | 0.50089 | 0.74150 | 0.00878
 68    | 05-10-2022 | 12:15:14 | 0.33193 | 0.33193 | 0.06250 | 0.50147 | 0.74190 | 0.00452
 69    | 05-10-2022 | 12:17:18 | 0.33192 | 0.33192 | 0.06250 | 0.50147 | 0.74221 | 0.00752
 70    | 05-10-2022 | 12:19:23 | 0.33202 | 0.33202 | 0.06250 | 0.50038 | 0.74156 | 0.00929
 71    | 05-10-2022 | 12:21:27 | 0.33190 | 0.33190 | 0.06250 | 0.50067 | 0.74228 | 0.00549
 72    | 05-10-2022 | 12:23:31 | 0.33191 | 0.33191 | 0.06250 | 0.49874 | 0.74154 | 0.01060
 73    | 05-10-2022 | 12:25:35 | 0.33194 | 0.33194 | 0.06250 | 0.50092 | 0.74107 | 0.00811
 74    | 05-10-2022 | 12:27:39 | 0.33199 | 0.33199 | 0.06250 | 0.50153 | 0.74186 | 0.01097
 75    | 05-10-2022 | 12:29:44 | 0.33187 | 0.33187 | 0.06250 | 0.49988 | 0.74137 | 0.00746
 76    | 05-10-2022 | 12:31:50 | 0.33200 | 0.33200 | 0.06250 | 0.50011 | 0.74115 | 0.00730
 77    | 05-10-2022 | 12:33:53 | 0.33188 | 0.33188 | 0.06250 | 0.50069 | 0.74190 | 0.00431
 78    | 05-10-2022 | 12:35:58 | 0.33186 | 0.33186 | 0.06250 | 0.50262 | 0.74117 | 0.00802
 79    | 05-10-2022 | 12:38:02 | 0.33183 | 0.33183 | 0.06250 | 0.49821 | 0.74135 | 0.00813
 80    | 05-10-2022 | 12:40:06 | 0.33184 | 0.33184 | 0.06250 | 0.50015 | 0.74142 | 0.00963
 81    | 05-10-2022 | 12:42:11 | 0.33184 | 0.33184 | 0.06250 | 0.50208 | 0.74199 | 0.00916
 82    | 05-10-2022 | 12:44:15 | 0.33189 | 0.33189 | 0.06250 | 0.50081 | 0.74214 | 0.00470
 83    | 05-10-2022 | 12:46:20 | 0.33188 | 0.33188 | 0.06250 | 0.49861 | 0.74131 | 0.00741
 84    | 05-10-2022 | 12:48:25 | 0.33180 | 0.33180 | 0.06250 | 0.49995 | 0.74119 | 0.00959
 85    | 05-10-2022 | 12:50:30 | 0.33186 | 0.33186 | 0.06250 | 0.49879 | 0.74092 | 0.00913
 86    | 05-10-2022 | 12:52:33 | 0.33183 | 0.33183 | 0.06250 | 0.50156 | 0.74116 | 0.00556
 87    | 05-10-2022 | 12:54:36 | 0.33179 | 0.33179 | 0.06250 | 0.50117 | 0.74155 | 0.00606
 88    | 05-10-2022 | 12:56:41 | 0.33178 | 0.33178 | 0.06250 | 0.49930 | 0.74134 | 0.00791
 89    | 05-10-2022 | 12:58:45 | 0.33178 | 0.33178 | 0.06250 | 0.50098 | 0.74129 | 0.00796
 90    | 05-10-2022 | 13:00:50 | 0.33177 | 0.33177 | 0.06250 | 0.50290 | 0.74108 | 0.00907
 91    | 05-10-2022 | 13:02:56 | 0.33177 | 0.33177 | 0.06250 | 0.50041 | 0.74124 | 0.00525
 92    | 05-10-2022 | 13:05:00 | 0.33176 | 0.33176 | 0.06250 | 0.49839 | 0.74138 | 0.00897
 93    | 05-10-2022 | 13:07:05 | 0.33180 | 0.33180 | 0.06250 | 0.49802 | 0.74075 | 0.00845
 94    | 05-10-2022 | 13:09:09 | 0.33177 | 0.33177 | 0.06250 | 0.49940 | 0.74140 | 0.00504
 95    | 05-10-2022 | 13:11:13 | 0.33177 | 0.33177 | 0.06250 | 0.49943 | 0.74093 | 0.00787
 96    | 05-10-2022 | 13:13:18 | 0.33177 | 0.33177 | 0.06250 | 0.50117 | 0.74089 | 0.00827
 97    | 05-10-2022 | 13:15:22 | 0.33175 | 0.33175 | 0.06250 | 0.49864 | 0.74094 | 0.00415
 98    | 05-10-2022 | 13:17:26 | 0.33176 | 0.33176 | 0.06250 | 0.49820 | 0.74168 | 0.00822
 99    | 05-10-2022 | 13:19:31 | 0.33174 | 0.33174 | 0.06250 | 0.50185 | 0.74170 | 0.00789
 100   | 05-10-2022 | 13:21:34 | 0.33173 | 0.33173 | 0.06250 | 0.49854 | 0.74045 | 0.00568
