#Epoch #Date #Time #Encoder #S-Decoder #I-Decoder #Accuracy #Stability #Noise 
 1     | 09-01-2023 | 13:31:42 | 1.02631 | 0.69380 | 0.01034 | 0.50212 | 0.66762 | 0.01561
 2     | 09-01-2023 | 13:33:45 | 1.02563 | 0.69332 | 0.00865 | 0.49847 | 0.66821 | 0.01042
 3     | 09-01-2023 | 13:35:49 | 1.02419 | 0.69323 | 0.02468 | 0.49692 | 0.67072 | 0.01547
 4     | 09-01-2023 | 13:37:52 | 1.02101 | 0.69303 | 0.04350 | 0.50414 | 0.67577 | 0.00531
 5     | 09-01-2023 | 13:39:55 | 1.01312 | 0.69297 | 0.08455 | 0.49892 | 0.68739 | 0.00533
 6     | 09-01-2023 | 13:42:00 | 1.00019 | 0.69264 | 0.13957 | 0.49828 | 0.70078 | 0.01045
 7     | 09-01-2023 | 13:44:04 | 0.98648 | 0.69188 | 0.21578 | 0.50108 | 0.71544 | 0.00543
 8     | 09-01-2023 | 13:46:07 | 0.97054 | 0.69050 | 0.31073 | 0.49934 | 0.73102 | 0.00370
 9     | 09-01-2023 | 13:48:13 | 0.95396 | 0.68815 | 0.39718 | 0.50058 | 0.74620 | 0.01379
 10    | 09-01-2023 | 13:50:18 | 0.93290 | 0.68313 | 0.51560 | 0.49811 | 0.77143 | 0.00551
 11    | 09-01-2023 | 13:52:23 | 0.90019 | 0.67600 | 0.63674 | 0.50008 | 0.80000 | 0.01047
 12    | 09-01-2023 | 13:54:30 | 0.86269 | 0.66455 | 0.81010 | 0.49651 | 0.83488 | 0.00393
 13    | 09-01-2023 | 13:56:36 | 0.80964 | 0.64830 | 1.02055 | 0.50046 | 0.87212 | 0.00605
 14    | 09-01-2023 | 13:58:44 | 0.75510 | 0.62676 | 1.26017 | 0.50246 | 0.90841 | 0.01043
 15    | 09-01-2023 | 14:00:52 | 0.69714 | 0.59373 | 1.51074 | 0.50153 | 0.93182 | 0.00690
 16    | 09-01-2023 | 14:03:00 | 0.64759 | 0.55497 | 1.69961 | 0.50316 | 0.93839 | 0.00676
 17    | 09-01-2023 | 14:05:08 | 0.60245 | 0.51075 | 1.84332 | 0.50343 | 0.93924 | 0.01359
 18    | 09-01-2023 | 14:07:17 | 0.55550 | 0.46306 | 1.55945 | 0.60817 | 0.94161 | 0.01296
 19    | 09-01-2023 | 14:09:25 | 0.50539 | 0.41257 | 0.66779 | 0.82021 | 0.94298 | 0.01211
 20    | 09-01-2023 | 14:11:32 | 0.44899 | 0.35846 | 0.51438 | 0.86105 | 0.95305 | 0.00670
 21    | 09-01-2023 | 14:13:40 | 0.38840 | 0.30361 | 0.47687 | 0.88785 | 0.95876 | 0.00476
 22    | 09-01-2023 | 14:15:49 | 0.32628 | 0.25369 | 0.44279 | 0.90776 | 0.96398 | 0.00667
 23    | 09-01-2023 | 14:17:57 | 0.27721 | 0.21436 | 0.39093 | 0.92650 | 0.96499 | 0.01266
 24    | 09-01-2023 | 14:20:05 | 0.23714 | 0.17650 | 0.27409 | 0.93773 | 0.96717 | 0.01263
 25    | 09-01-2023 | 14:22:14 | 0.19636 | 0.13912 | 0.03005 | 0.97174 | 0.96649 | 0.00560
 26    | 09-01-2023 | 14:24:21 | 0.16333 | 0.11024 | 0.02885 | 0.98042 | 0.96494 | 0.01264
 27    | 09-01-2023 | 14:26:29 | 0.14075 | 0.09283 | 0.03776 | 0.97891 | 0.96472 | 0.01212
 28    | 09-01-2023 | 14:28:36 | 0.11153 | 0.06329 | 0.01497 | 0.98781 | 0.96241 | 0.00316
 29    | 09-01-2023 | 14:30:43 | 0.09668 | 0.04749 | 0.02979 | 0.99217 | 0.96186 | 0.01248
 30    | 09-01-2023 | 14:32:53 | 0.08645 | 0.04135 | 0.02974 | 0.99365 | 0.95992 | 0.01258
 31    | 09-01-2023 | 14:35:01 | 0.08355 | 0.04217 | 0.02574 | 0.99008 | 0.96122 | 0.00695
 32    | 09-01-2023 | 14:37:10 | 0.06816 | 0.02710 | 0.02169 | 0.99591 | 0.96112 | 0.00476
 33    | 09-01-2023 | 14:39:18 | 0.07856 | 0.03943 | 0.03196 | 0.99510 | 0.96146 | 0.01025
 34    | 09-01-2023 | 14:41:26 | 0.06182 | 0.02270 | 0.04053 | 0.99593 | 0.96326 | 0.01236
 35    | 09-01-2023 | 14:43:33 | 0.05930 | 0.02061 | 0.04144 | 0.99710 | 0.96531 | 0.00681
 36    | 09-01-2023 | 14:45:40 | 0.07315 | 0.03529 | 0.03040 | 0.99232 | 0.96599 | 0.01234
 37    | 09-01-2023 | 14:47:49 | 0.06739 | 0.03143 | 0.03257 | 0.99567 | 0.96691 | 0.01257
 38    | 09-01-2023 | 14:49:58 | 0.05097 | 0.01865 | 0.03554 | 0.99794 | 0.96722 | 0.01243
 39    | 09-01-2023 | 14:52:06 | 0.05505 | 0.02162 | 0.01567 | 0.99574 | 0.96741 | 0.00477
 40    | 09-01-2023 | 14:54:15 | 0.04773 | 0.01504 | 0.03190 | 0.99799 | 0.96823 | 0.01221
 41    | 09-01-2023 | 14:56:24 | 0.05063 | 0.01856 | 0.02712 | 0.99619 | 0.96952 | 0.01242
 42    | 09-01-2023 | 14:58:33 | 0.04863 | 0.01717 | 0.04793 | 0.99696 | 0.96842 | 0.01241
 43    | 09-01-2023 | 15:00:41 | 0.05066 | 0.01897 | 0.03471 | 0.99693 | 0.96877 | 0.00703
 44    | 09-01-2023 | 15:02:49 | 0.04889 | 0.01765 | 0.01697 | 0.99771 | 0.96933 | 0.00490
 45    | 09-01-2023 | 15:04:57 | 0.04377 | 0.01243 | 0.02887 | 0.99828 | 0.96897 | 0.01023
 46    | 09-01-2023 | 15:08:09 | 0.04093 | 0.00880 | 0.02610 | 0.99936 | 0.97019 | 0.01413
 47    | 09-01-2023 | 15:10:18 | 0.04184 | 0.01014 | 0.03158 | 0.99954 | 0.97059 | 0.01295
 48    | 09-01-2023 | 15:12:27 | 0.06355 | 0.02963 | 0.02537 | 0.99417 | 0.97038 | 0.01322
 49    | 09-01-2023 | 15:14:37 | 0.05548 | 0.02296 | 0.01084 | 0.99776 | 0.97038 | 0.00663
 50    | 09-01-2023 | 15:16:44 | 0.05946 | 0.02839 | 0.01837 | 0.99763 | 0.97062 | 0.00664
 51    | 09-01-2023 | 15:18:54 | 0.05212 | 0.02018 | 0.02199 | 0.99835 | 0.97080 | 0.01303
 52    | 09-01-2023 | 15:21:02 | 0.03921 | 0.00771 | 0.02291 | 0.99931 | 0.97034 | 0.00663
 53    | 09-01-2023 | 15:23:10 | 0.04213 | 0.01165 | 0.01737 | 0.99855 | 0.97054 | 0.00416
 54    | 09-01-2023 | 15:25:20 | 0.04182 | 0.01158 | 0.01137 | 0.99881 | 0.97040 | 0.01304
 55    | 09-01-2023 | 15:27:28 | 0.05042 | 0.02053 | 0.03318 | 0.99808 | 0.97090 | 0.00661
 56    | 09-01-2023 | 15:29:37 | 0.04118 | 0.01215 | 0.02979 | 0.99889 | 0.97022 | 0.01049
 57    | 09-01-2023 | 15:31:45 | 0.04083 | 0.01038 | 0.01638 | 0.99852 | 0.97047 | 0.00461
 58    | 09-01-2023 | 15:33:52 | 0.04868 | 0.01913 | 0.01640 | 0.99477 | 0.97031 | 0.00680
 59    | 09-01-2023 | 15:36:02 | 0.05199 | 0.02053 | 0.03090 | 0.99846 | 0.97044 | 0.01040
 60    | 09-01-2023 | 15:38:10 | 0.03768 | 0.00767 | 0.01969 | 0.99934 | 0.97009 | 0.00683
 61    | 09-01-2023 | 15:40:20 | 0.03450 | 0.00494 | 0.02879 | 0.99942 | 0.97047 | 0.00681
 62    | 09-01-2023 | 15:42:29 | 0.05075 | 0.02158 | 0.02639 | 0.99683 | 0.97142 | 0.01281
 63    | 09-01-2023 | 15:44:38 | 0.08650 | 0.04663 | 0.03682 | 0.99812 | 0.97148 | 0.01262
 64    | 09-01-2023 | 15:46:47 | 0.03726 | 0.00797 | 0.02679 | 0.99937 | 0.97077 | 0.01281
 65    | 09-01-2023 | 15:48:55 | 0.04334 | 0.01374 | 0.04258 | 0.99609 | 0.97123 | 0.00676
 66    | 09-01-2023 | 15:51:03 | 0.04163 | 0.01100 | 0.01668 | 0.99834 | 0.97073 | 0.00469
 67    | 09-01-2023 | 15:53:12 | 0.04375 | 0.01499 | 0.02026 | 0.99831 | 0.97085 | 0.00682
 68    | 09-01-2023 | 15:55:21 | 0.03624 | 0.00712 | 0.02734 | 0.99899 | 0.97051 | 0.01262
 69    | 09-01-2023 | 15:57:30 | 0.03712 | 0.00703 | 0.03432 | 0.99872 | 0.97047 | 0.01257
 70    | 09-01-2023 | 15:59:39 | 0.04526 | 0.01527 | 0.02022 | 0.99622 | 0.96910 | 0.00561
 71    | 09-01-2023 | 16:01:48 | 0.03762 | 0.00776 | 0.03210 | 0.99866 | 0.96902 | 0.01239
 72    | 09-01-2023 | 16:03:57 | 0.06227 | 0.03091 | 0.03074 | 0.99474 | 0.96979 | 0.01281
 73    | 09-01-2023 | 16:06:04 | 0.04072 | 0.00993 | 0.00832 | 0.99803 | 0.96945 | 0.00323
 74    | 09-01-2023 | 16:08:13 | 0.03694 | 0.00553 | 0.03404 | 0.99892 | 0.96948 | 0.01246
 75    | 09-01-2023 | 16:10:22 | 0.04089 | 0.01018 | 0.03184 | 0.99937 | 0.97061 | 0.01243
 76    | 09-01-2023 | 16:12:31 | 0.04192 | 0.01153 | 0.03483 | 0.99803 | 0.96933 | 0.00685
 77    | 09-01-2023 | 16:14:40 | 0.03444 | 0.00473 | 0.01980 | 0.99878 | 0.97014 | 0.00473
 78    | 09-01-2023 | 16:16:49 | 0.03624 | 0.00725 | 0.02808 | 0.99901 | 0.96935 | 0.01030
 79    | 09-01-2023 | 16:18:58 | 0.03379 | 0.00342 | 0.04563 | 0.99944 | 0.96964 | 0.01251
 80    | 09-01-2023 | 16:21:06 | 0.03268 | 0.00259 | 0.02305 | 0.99954 | 0.97080 | 0.00684
 81    | 09-01-2023 | 16:23:14 | 0.03959 | 0.00853 | 0.00985 | 0.99957 | 0.97064 | 0.01234
 82    | 09-01-2023 | 16:25:23 | 0.03560 | 0.00457 | 0.02486 | 0.99904 | 0.97099 | 0.01247
 83    | 09-01-2023 | 16:27:32 | 0.03338 | 0.00258 | 0.03510 | 0.99944 | 0.97015 | 0.01239
 84    | 09-01-2023 | 16:29:40 | 0.03310 | 0.00249 | 0.00759 | 0.99956 | 0.96928 | 0.00467
 85    | 09-01-2023 | 16:31:49 | 0.03266 | 0.00185 | 0.02179 | 0.99974 | 0.96973 | 0.01231
 86    | 09-01-2023 | 16:33:58 | 0.04137 | 0.01012 | 0.02411 | 0.99799 | 0.96940 | 0.01227
 87    | 09-01-2023 | 16:36:07 | 0.04161 | 0.01065 | 0.02940 | 0.99800 | 0.96882 | 0.01234
 88    | 09-01-2023 | 16:38:15 | 0.03659 | 0.00648 | 0.02830 | 0.99762 | 0.97003 | 0.00694
 89    | 09-01-2023 | 16:40:23 | 0.03344 | 0.00294 | 0.01939 | 0.99965 | 0.96917 | 0.00495
 90    | 09-01-2023 | 16:42:33 | 0.03387 | 0.00280 | 0.01882 | 0.99971 | 0.96923 | 0.01023
 91    | 09-01-2023 | 16:44:41 | 0.03294 | 0.00200 | 0.03524 | 0.99976 | 0.96889 | 0.01226
 92    | 09-01-2023 | 16:46:50 | 0.03479 | 0.00378 | 0.01023 | 0.99921 | 0.96933 | 0.00506
 93    | 09-01-2023 | 16:48:58 | 0.07777 | 0.05769 | 0.02769 | 0.99727 | 0.97008 | 0.00595
 94    | 09-01-2023 | 16:51:06 | 0.03343 | 0.00263 | 0.01892 | 0.99957 | 0.96921 | 0.00686
 95    | 09-01-2023 | 16:53:15 | 0.04580 | 0.01361 | 0.03800 | 0.99516 | 0.96929 | 0.01218
 96    | 09-01-2023 | 16:55:24 | 0.04103 | 0.01131 | 0.03453 | 0.99950 | 0.96972 | 0.01233
 97    | 09-01-2023 | 16:57:33 | 0.03389 | 0.00298 | 0.02401 | 0.99867 | 0.96963 | 0.00573
 98    | 09-01-2023 | 16:59:43 | 0.03657 | 0.00532 | 0.07568 | 0.99451 | 0.96947 | 0.01006
 99    | 09-01-2023 | 17:01:51 | 0.03772 | 0.00798 | 0.04006 | 0.99663 | 0.96940 | 0.00690
 100   | 09-01-2023 | 17:04:00 | 0.03264 | 0.00207 | 0.05127 | 0.99828 | 0.96964 | 0.01010
 101   | 09-01-2023 | 17:06:08 | 0.03313 | 0.00171 | 0.02153 | 0.99911 | 0.96928 | 0.01005
 102   | 09-01-2023 | 17:08:17 | 0.03309 | 0.00225 | 0.04069 | 0.99850 | 0.96979 | 0.01007
 103   | 09-01-2023 | 17:10:25 | 0.03275 | 0.00222 | 0.02407 | 0.99875 | 0.96936 | 0.00587
 104   | 09-01-2023 | 17:12:34 | 0.03555 | 0.00536 | 0.02148 | 0.99860 | 0.96903 | 0.01194
 105   | 09-01-2023 | 17:14:43 | 0.07309 | 0.03609 | 0.02297 | 0.99623 | 0.96816 | 0.00581
 106   | 09-01-2023 | 17:16:52 | 0.03510 | 0.00457 | 0.03040 | 0.99901 | 0.96817 | 0.01206
 107   | 09-01-2023 | 17:19:01 | 0.04263 | 0.00961 | 0.02277 | 0.99825 | 0.96679 | 0.01184
 108   | 09-01-2023 | 17:21:10 | 0.08893 | 0.03985 | 0.05223 | 0.99522 | 0.96782 | 0.01197
 109   | 09-01-2023 | 17:23:18 | 0.03877 | 0.00885 | 0.03558 | 0.99680 | 0.96716 | 0.00677
 110   | 09-01-2023 | 17:25:27 | 0.03871 | 0.00637 | 0.02283 | 0.99799 | 0.96802 | 0.00588
 111   | 09-01-2023 | 17:27:36 | 0.04209 | 0.00904 | 0.03229 | 0.99521 | 0.96922 | 0.00985
 112   | 09-01-2023 | 17:29:44 | 0.04849 | 0.01707 | 0.03455 | 0.99533 | 0.96839 | 0.01163
 113   | 09-01-2023 | 17:31:52 | 0.04150 | 0.01091 | 0.01558 | 0.99763 | 0.96945 | 0.00384
 114   | 09-01-2023 | 17:34:01 | 0.03658 | 0.00440 | 0.04588 | 0.99667 | 0.96978 | 0.01189
 115   | 09-01-2023 | 17:36:09 | 0.03641 | 0.00622 | 0.02454 | 0.99860 | 0.96990 | 0.00537
 116   | 09-01-2023 | 17:38:18 | 0.03350 | 0.00327 | 0.03558 | 0.99905 | 0.96950 | 0.01159
 117   | 09-01-2023 | 17:40:27 | 0.03544 | 0.00506 | 0.05135 | 0.99831 | 0.96926 | 0.01266
 118   | 09-01-2023 | 17:42:36 | 0.04000 | 0.00930 | 0.01866 | 0.99861 | 0.96938 | 0.01159
 119   | 09-01-2023 | 17:44:45 | 0.04351 | 0.01211 | 0.04274 | 0.99742 | 0.96955 | 0.01163
 120   | 09-01-2023 | 17:46:54 | 0.04105 | 0.00935 | 0.01717 | 0.99875 | 0.96691 | 0.00988
 121   | 09-01-2023 | 17:49:03 | 0.04543 | 0.00942 | 0.02413 | 0.99797 | 0.96663 | 0.00970
 122   | 09-01-2023 | 17:51:11 | 0.04142 | 0.00434 | 0.02964 | 0.99864 | 0.96707 | 0.00545
 123   | 09-01-2023 | 17:53:20 | 0.04373 | 0.00979 | 0.02759 | 0.99889 | 0.96898 | 0.00703
 124   | 09-01-2023 | 17:55:28 | 0.03615 | 0.00490 | 0.20546 | 0.99916 | 0.96781 | 0.01136
 125   | 09-01-2023 | 17:57:37 | 0.03562 | 0.00343 | 0.03674 | 0.99911 | 0.96852 | 0.00951
 126   | 09-01-2023 | 17:59:46 | 0.03445 | 0.00287 | 0.03239 | 0.99916 | 0.96839 | 0.01152
 127   | 09-01-2023 | 18:01:54 | 0.03532 | 0.00460 | 0.03890 | 0.99893 | 0.96847 | 0.01137
 128   | 09-01-2023 | 18:04:02 | 0.03294 | 0.00129 | 0.02189 | 0.99930 | 0.96840 | 0.00540
 129   | 09-01-2023 | 18:06:12 | 0.03427 | 0.00149 | 0.01992 | 0.99934 | 0.96789 | 0.01145
 130   | 09-01-2023 | 18:08:20 | 0.03481 | 0.00248 | 0.02791 | 0.99785 | 0.96768 | 0.01138
 131   | 09-01-2023 | 18:10:29 | 0.03472 | 0.00292 | 0.03448 | 0.99902 | 0.96712 | 0.01233
 132   | 09-01-2023 | 18:12:37 | 0.03593 | 0.00344 | 0.02511 | 0.99925 | 0.96774 | 0.00691
 133   | 09-01-2023 | 18:14:46 | 0.03353 | 0.00125 | 0.04055 | 0.99908 | 0.96655 | 0.01096
 134   | 09-01-2023 | 18:16:54 | 0.03429 | 0.00241 | 0.01479 | 0.99930 | 0.96635 | 0.00942
 135   | 09-01-2023 | 18:19:03 | 0.03738 | 0.00447 | 0.02696 | 0.99808 | 0.96592 | 0.00686
 136   | 09-01-2023 | 18:21:12 | 0.03445 | 0.00135 | 0.04594 | 0.99940 | 0.96719 | 0.01043
 137   | 09-01-2023 | 18:23:21 | 0.03522 | 0.00171 | 0.02901 | 0.99925 | 0.96667 | 0.00677
 138   | 09-01-2023 | 18:25:29 | 0.03417 | 0.00085 | 0.03906 | 0.99918 | 0.96671 | 0.00960
 139   | 09-01-2023 | 18:27:38 | 0.03446 | 0.00134 | 0.02777 | 0.99905 | 0.96618 | 0.01116
 140   | 09-01-2023 | 18:29:46 | 0.03379 | 0.00067 | 0.01524 | 0.99977 | 0.96544 | 0.00688
 141   | 09-01-2023 | 18:31:55 | 0.05118 | 0.01576 | 0.07147 | 0.99193 | 0.96549 | 0.01083
 142   | 09-01-2023 | 18:34:04 | 0.03553 | 0.00143 | 0.03127 | 0.99866 | 0.96584 | 0.00623
 143   | 09-01-2023 | 18:36:11 | 0.03636 | 0.00100 | 0.03235 | 0.99934 | 0.96577 | 0.00932
 144   | 09-01-2023 | 18:38:20 | 0.03748 | 0.00408 | 0.01465 | 0.99933 | 0.96679 | 0.01090
 145   | 09-01-2023 | 18:40:28 | 0.03673 | 0.00323 | 0.03583 | 0.99887 | 0.96635 | 0.01086
 146   | 09-01-2023 | 18:42:37 | 0.03721 | 0.00206 | 0.04535 | 0.99904 | 0.96641 | 0.01094
 147   | 09-01-2023 | 18:44:44 | 0.04165 | 0.00663 | 0.02694 | 0.99831 | 0.96696 | 0.00706
 148   | 09-01-2023 | 18:46:53 | 0.03696 | 0.00350 | 0.04138 | 0.99876 | 0.96588 | 0.01096
 149   | 09-01-2023 | 18:49:03 | 0.03505 | 0.00116 | 0.01892 | 0.99960 | 0.96664 | 0.00417
 150   | 09-01-2023 | 18:51:11 | 0.03866 | 0.00650 | 0.01860 | 0.99864 | 0.96730 | 0.00463
 151   | 09-01-2023 | 18:53:19 | 0.03588 | 0.00135 | 0.03697 | 0.99918 | 0.96634 | 0.00931
 152   | 09-01-2023 | 18:55:27 | 0.03855 | 0.00496 | 0.03654 | 0.99843 | 0.96570 | 0.01152
 153   | 09-01-2023 | 18:57:34 | 0.03436 | 0.00090 | 0.03662 | 0.99942 | 0.96715 | 0.01061
 154   | 09-01-2023 | 18:59:44 | 0.03494 | 0.00155 | 0.02736 | 0.99922 | 0.96558 | 0.01063
 155   | 09-01-2023 | 19:01:52 | 0.03999 | 0.00612 | 0.01335 | 0.99847 | 0.96624 | 0.00476
 156   | 09-01-2023 | 19:04:00 | 0.03586 | 0.00215 | 0.02484 | 0.99902 | 0.96619 | 0.00642
 157   | 09-01-2023 | 19:06:09 | 0.04225 | 0.00813 | 0.01908 | 0.99750 | 0.96710 | 0.00515
 158   | 09-01-2023 | 19:08:19 | 0.03489 | 0.00149 | 0.03853 | 0.99889 | 0.96698 | 0.01069
 159   | 09-01-2023 | 19:10:26 | 0.03409 | 0.00084 | 0.02584 | 0.99948 | 0.96789 | 0.00700
 160   | 09-01-2023 | 19:12:35 | 0.03654 | 0.00334 | 0.01868 | 0.99893 | 0.96817 | 0.01070
 161   | 09-01-2023 | 19:14:44 | 0.03824 | 0.00591 | 0.03611 | 0.99895 | 0.96646 | 0.01055
 162   | 09-01-2023 | 19:16:52 | 0.03396 | 0.00219 | 0.03180 | 0.99895 | 0.96790 | 0.01067
 163   | 09-01-2023 | 19:19:01 | 0.04291 | 0.00939 | 0.03119 | 0.99797 | 0.96629 | 0.01055
 164   | 09-01-2023 | 19:21:09 | 0.03544 | 0.00272 | 0.02224 | 0.99913 | 0.96672 | 0.00592
 165   | 09-01-2023 | 19:23:18 | 0.03678 | 0.00358 | 0.02049 | 0.99884 | 0.96802 | 0.00581
 166   | 09-01-2023 | 19:25:25 | 0.03468 | 0.00082 | 0.02153 | 0.99928 | 0.96733 | 0.00598
 167   | 09-01-2023 | 19:27:34 | 0.03424 | 0.00090 | 0.02665 | 0.99924 | 0.96724 | 0.00717
 168   | 09-01-2023 | 19:29:43 | 0.03629 | 0.00390 | 0.03532 | 0.99910 | 0.96742 | 0.01081
 169   | 09-01-2023 | 19:31:51 | 0.03545 | 0.00265 | 0.01624 | 0.99889 | 0.96745 | 0.00487
 170   | 09-01-2023 | 19:34:00 | 0.03667 | 0.00247 | 0.03809 | 0.99907 | 0.96608 | 0.01108
 171   | 09-01-2023 | 19:36:08 | 0.03805 | 0.00515 | 0.03894 | 0.99876 | 0.96667 | 0.01045
 172   | 09-01-2023 | 19:38:16 | 0.03799 | 0.00396 | 0.03821 | 0.99863 | 0.96586 | 0.01020
 173   | 09-01-2023 | 19:40:25 | 0.03462 | 0.00196 | 0.02325 | 0.99911 | 0.96624 | 0.00636
 174   | 09-01-2023 | 19:42:34 | 0.03722 | 0.00446 | 0.04008 | 0.99901 | 0.96715 | 0.01050
 175   | 09-01-2023 | 19:44:42 | 0.03622 | 0.00191 | 0.02045 | 0.99921 | 0.96665 | 0.00715
 176   | 09-01-2023 | 19:46:50 | 0.03910 | 0.00464 | 0.03874 | 0.99788 | 0.96664 | 0.01041
 177   | 09-01-2023 | 19:48:59 | 0.03665 | 0.00345 | 0.02899 | 0.99896 | 0.96686 | 0.01035
 178   | 09-01-2023 | 19:51:08 | 0.12465 | 0.08583 | 0.02189 | 0.99886 | 0.96717 | 0.00726
 179   | 09-01-2023 | 19:53:16 | 0.03994 | 0.00678 | 0.02450 | 0.99553 | 0.96711 | 0.01023
 180   | 09-01-2023 | 19:55:24 | 0.03809 | 0.00520 | 0.02706 | 0.99730 | 0.96691 | 0.00717
 181   | 09-01-2023 | 19:57:32 | 0.03520 | 0.00197 | 0.03015 | 0.99902 | 0.96820 | 0.01013
 182   | 09-01-2023 | 19:59:40 | 0.04090 | 0.00765 | 0.03404 | 0.99719 | 0.96760 | 0.01010
 183   | 09-01-2023 | 20:01:49 | 0.03702 | 0.00357 | 0.04325 | 0.99879 | 0.96757 | 0.00991
 184   | 09-01-2023 | 20:03:58 | 0.03621 | 0.00343 | 0.03335 | 0.99828 | 0.96664 | 0.01018
 185   | 09-01-2023 | 20:06:06 | 0.03603 | 0.00199 | 0.02810 | 0.99892 | 0.96758 | 0.00867
 186   | 09-01-2023 | 20:08:14 | 0.03993 | 0.00667 | 0.15059 | 0.99826 | 0.96748 | 0.00677
 187   | 09-01-2023 | 20:10:23 | 0.03439 | 0.00238 | 0.02163 | 0.99908 | 0.96834 | 0.00706
 188   | 09-01-2023 | 20:12:32 | 0.03967 | 0.00642 | 0.03349 | 0.99792 | 0.96702 | 0.00900
 189   | 09-01-2023 | 20:14:40 | 0.03494 | 0.00219 | 0.04429 | 0.99432 | 0.96731 | 0.00993
 190   | 09-01-2023 | 20:16:49 | 0.03425 | 0.00123 | 0.04458 | 0.99593 | 0.96747 | 0.01061
 191   | 09-01-2023 | 20:18:58 | 0.03355 | 0.00195 | 0.03876 | 0.99893 | 0.96815 | 0.01026
 192   | 09-01-2023 | 20:21:07 | 0.03349 | 0.00102 | 0.03699 | 0.99944 | 0.96680 | 0.01012
 193   | 09-01-2023 | 20:23:16 | 0.04096 | 0.00868 | 0.03522 | 0.99918 | 0.96624 | 0.00966
 194   | 09-01-2023 | 20:25:25 | 0.03556 | 0.00197 | 0.03984 | 0.99760 | 0.96679 | 0.01010
 195   | 09-01-2023 | 20:27:34 | 0.03793 | 0.00420 | 0.03536 | 0.99567 | 0.96686 | 0.01018
 196   | 09-01-2023 | 20:29:42 | 0.04190 | 0.00800 | 0.03906 | 0.99306 | 0.96797 | 0.00993
 197   | 09-01-2023 | 20:31:50 | 0.03405 | 0.00084 | 0.02539 | 0.99907 | 0.96702 | 0.00702
 198   | 09-01-2023 | 20:33:59 | 0.03508 | 0.00402 | 0.03310 | 0.99782 | 0.96841 | 0.00911
 199   | 09-01-2023 | 20:36:09 | 0.03321 | 0.00198 | 0.03644 | 0.99898 | 0.96886 | 0.01006
 200   | 09-01-2023 | 20:38:17 | 0.03274 | 0.00120 | 0.02502 | 0.99828 | 0.96776 | 0.00754
 201   | 09-01-2023 | 20:40:26 | 0.03404 | 0.00291 | 0.03544 | 0.99867 | 0.96732 | 0.00988
 202   | 09-01-2023 | 20:42:35 | 0.03627 | 0.00554 | 0.03212 | 0.99745 | 0.96822 | 0.00887
 203   | 09-01-2023 | 20:44:43 | 0.03637 | 0.00430 | 0.03534 | 0.99797 | 0.96765 | 0.01003
 204   | 09-01-2023 | 20:46:51 | 0.03420 | 0.00163 | 0.02629 | 0.99890 | 0.96645 | 0.00994
 205   | 09-01-2023 | 20:49:00 | 0.03494 | 0.00186 | 0.01768 | 0.99913 | 0.96706 | 0.00587
 206   | 09-01-2023 | 20:51:10 | 0.03943 | 0.00460 | 0.03341 | 0.99800 | 0.96541 | 0.00879
 207   | 09-01-2023 | 20:53:20 | 0.07647 | 0.03893 | 0.03566 | 0.99413 | 0.96869 | 0.00972
 208   | 09-01-2023 | 20:55:29 | 0.04154 | 0.01215 | 0.02818 | 0.99606 | 0.96888 | 0.01015
 209   | 09-01-2023 | 20:57:37 | 0.03618 | 0.00602 | 0.02411 | 0.99724 | 0.97046 | 0.00719
 210   | 09-01-2023 | 20:59:46 | 0.04100 | 0.00882 | 0.02838 | 0.99724 | 0.97066 | 0.00968
 211   | 09-01-2023 | 21:01:55 | 0.03445 | 0.00318 | 0.02175 | 0.99846 | 0.96879 | 0.00675
 212   | 09-01-2023 | 21:04:04 | 0.03538 | 0.00437 | 0.02545 | 0.99814 | 0.96860 | 0.00698
 213   | 09-01-2023 | 21:06:12 | 0.03449 | 0.00197 | 0.03461 | 0.99800 | 0.96784 | 0.00939
 214   | 09-01-2023 | 21:08:22 | 0.03442 | 0.00282 | 0.03656 | 0.99872 | 0.96768 | 0.00993
 215   | 09-01-2023 | 21:10:31 | 0.03380 | 0.00155 | 0.03103 | 0.99892 | 0.96780 | 0.00888
 216   | 09-01-2023 | 21:12:40 | 0.08041 | 0.04274 | 0.03764 | 0.99466 | 0.96890 | 0.00998
 217   | 09-01-2023 | 21:14:49 | 0.04127 | 0.01053 | 0.02515 | 0.99780 | 0.96924 | 0.00673
 218   | 09-01-2023 | 21:16:57 | 0.03438 | 0.00556 | 0.03920 | 0.99706 | 0.97031 | 0.00962
 219   | 09-01-2023 | 21:19:05 | 0.03343 | 0.00417 | 0.02836 | 0.99849 | 0.97051 | 0.00757
 220   | 09-01-2023 | 21:21:14 | 0.03792 | 0.00891 | 0.02350 | 0.99855 | 0.97051 | 0.00739
 221   | 09-01-2023 | 21:23:23 | 0.03885 | 0.00894 | 0.01941 | 0.99698 | 0.96950 | 0.00566
 222   | 09-01-2023 | 21:25:31 | 0.03297 | 0.00324 | 0.03530 | 0.99872 | 0.96940 | 0.00970
 223   | 09-01-2023 | 21:27:39 | 0.03369 | 0.00357 | 0.02661 | 0.99860 | 0.96872 | 0.00951
 224   | 09-01-2023 | 21:29:48 | 0.03846 | 0.00573 | 0.03534 | 0.99641 | 0.96969 | 0.00950
 225   | 09-01-2023 | 21:31:56 | 0.03407 | 0.00230 | 0.02228 | 0.99879 | 0.96752 | 0.00912
 226   | 09-01-2023 | 21:34:05 | 0.03697 | 0.00502 | 0.03105 | 0.99908 | 0.96934 | 0.00879
 227   | 09-01-2023 | 21:36:14 | 0.03994 | 0.00865 | 0.03459 | 0.99829 | 0.96731 | 0.00944
 228   | 09-01-2023 | 21:42:32 | 0.03524 | 0.00056 | 0.04492 | 0.99960 | 0.96541 | 0.01430
 229   | 09-01-2023 | 21:44:41 | 0.03494 | 0.00091 | 0.03802 | 0.99998 | 0.96713 | 0.01304
 230   | 09-01-2023 | 21:46:51 | 0.03421 | 0.00036 | 0.06224 | 0.99982 | 0.96699 | 0.01289
 231   | 09-01-2023 | 21:48:59 | 0.03325 | 0.00013 | 0.03723 | 0.99989 | 0.96609 | 0.00647
 232   | 09-01-2023 | 21:51:07 | 0.03405 | 0.00012 | 0.03278 | 1.00000 | 0.96613 | 0.00675
 233   | 09-01-2023 | 21:53:16 | 0.03321 | 0.00019 | 0.03630 | 0.99994 | 0.96607 | 0.01293
 234   | 09-01-2023 | 21:55:24 | 0.03305 | 0.00014 | 0.02820 | 0.99907 | 0.96740 | 0.00668
 235   | 09-01-2023 | 21:57:32 | 0.03436 | 0.00037 | 0.01270 | 1.00000 | 0.96693 | 0.00413
 236   | 09-01-2023 | 21:59:41 | 0.03532 | 0.00161 | 0.04659 | 0.99983 | 0.96564 | 0.01295
 237   | 09-01-2023 | 22:01:50 | 0.03400 | 0.00014 | 0.00464 | 0.99991 | 0.96527 | 0.00674
 238   | 09-01-2023 | 22:03:59 | 0.03363 | 0.00013 | 0.04191 | 0.99989 | 0.96624 | 0.01048
 239   | 09-01-2023 | 22:06:06 | 0.03301 | 0.00002 | 0.00848 | 1.00000 | 0.96606 | 0.00464
 240   | 09-01-2023 | 22:08:15 | 0.04582 | 0.01027 | 0.01206 | 0.99445 | 0.96695 | 0.00678
 241   | 09-01-2023 | 22:10:24 | 0.05332 | 0.01381 | 0.04116 | 0.99153 | 0.96701 | 0.01043
 242   | 09-01-2023 | 22:12:33 | 0.03234 | 0.00182 | 0.01556 | 0.99950 | 0.96947 | 0.00681
 243   | 09-01-2023 | 22:14:43 | 0.03048 | 0.00037 | 0.02753 | 0.99942 | 0.96896 | 0.00668
 244   | 09-01-2023 | 22:16:52 | 0.05943 | 0.01588 | 0.02692 | 0.99571 | 0.96861 | 0.01282
 245   | 09-01-2023 | 22:19:02 | 0.10140 | 0.04904 | 0.04862 | 0.99353 | 0.96956 | 0.01276
 246   | 09-01-2023 | 22:21:12 | 0.03532 | 0.00266 | 0.05194 | 0.99876 | 0.96729 | 0.01288
 247   | 09-01-2023 | 22:23:19 | 0.04844 | 0.01505 | 0.02944 | 0.99625 | 0.96580 | 0.00680
 248   | 09-01-2023 | 22:25:28 | 0.04968 | 0.01721 | 0.01355 | 0.99649 | 0.96510 | 0.00478
 249   | 09-01-2023 | 22:27:36 | 0.05286 | 0.01693 | 0.02026 | 0.99715 | 0.96623 | 0.00655
 250   | 09-01-2023 | 22:29:45 | 0.03855 | 0.00772 | 0.04942 | 0.99794 | 0.96766 | 0.01234
 251   | 09-01-2023 | 22:31:55 | 0.03882 | 0.00304 | 0.04891 | 0.99684 | 0.96747 | 0.01247
 252   | 09-01-2023 | 22:34:03 | 0.05154 | 0.01292 | 0.00934 | 0.99783 | 0.96679 | 0.00558
 253   | 09-01-2023 | 22:36:11 | 0.03780 | 0.00467 | 0.05927 | 0.99316 | 0.96694 | 0.01263
 254   | 09-01-2023 | 22:38:20 | 0.05785 | 0.02324 | 0.03298 | 0.99065 | 0.96551 | 0.01276
 255   | 09-01-2023 | 22:40:27 | 0.03881 | 0.00494 | 0.00549 | 0.99944 | 0.96549 | 0.00318
 256   | 09-01-2023 | 22:42:36 | 0.03715 | 0.00233 | 0.05042 | 0.99818 | 0.96653 | 0.01263
 257   | 09-01-2023 | 22:44:45 | 0.04341 | 0.00669 | 0.05103 | 0.99922 | 0.96650 | 0.01259
 258   | 09-01-2023 | 22:46:54 | 0.03585 | 0.00513 | 0.01648 | 0.99921 | 0.96789 | 0.00684
 259   | 09-01-2023 | 22:49:01 | 0.03562 | 0.00245 | 0.01898 | 0.99870 | 0.96756 | 0.00481
 260   | 09-01-2023 | 22:51:09 | 0.03506 | 0.00098 | 0.02317 | 0.99954 | 0.96716 | 0.01030
 261   | 09-01-2023 | 22:53:19 | 0.03606 | 0.00155 | 0.04677 | 0.99951 | 0.96700 | 0.01249
 262   | 09-01-2023 | 22:55:27 | 0.03394 | 0.00034 | 0.03467 | 0.99582 | 0.96646 | 0.00682
 263   | 09-01-2023 | 22:57:34 | 0.03819 | 0.00434 | 0.03149 | 0.99971 | 0.96741 | 0.01248
 264   | 09-01-2023 | 22:59:42 | 0.03530 | 0.00147 | 0.03255 | 0.99953 | 0.96644 | 0.01258
 265   | 09-01-2023 | 23:01:51 | 0.03272 | 0.00070 | 0.04657 | 0.99983 | 0.96750 | 0.01243
 266   | 09-01-2023 | 23:03:59 | 0.03361 | 0.00050 | 0.00816 | 0.99991 | 0.96717 | 0.00477
 267   | 09-01-2023 | 23:06:07 | 0.03400 | 0.00036 | 0.04852 | 0.99953 | 0.96669 | 0.01238
 268   | 09-01-2023 | 23:08:15 | 0.03910 | 0.00603 | 0.03168 | 0.99922 | 0.96670 | 0.01232
 269   | 09-01-2023 | 23:10:25 | 0.04297 | 0.00921 | 0.04779 | 0.99460 | 0.96710 | 0.01240
 270   | 09-01-2023 | 23:12:33 | 0.03600 | 0.00208 | 0.03099 | 0.99692 | 0.96745 | 0.00706
 271   | 09-01-2023 | 23:14:41 | 0.03417 | 0.00146 | 0.01302 | 0.99979 | 0.96821 | 0.00490
 272   | 09-01-2023 | 23:16:50 | 0.03391 | 0.00032 | 0.03339 | 0.99960 | 0.96769 | 0.01019
 273   | 09-01-2023 | 23:18:59 | 0.03312 | 0.00038 | 0.04464 | 0.99980 | 0.96769 | 0.01246
 274   | 09-01-2023 | 23:21:08 | 0.03283 | 0.00070 | 0.01597 | 0.99982 | 0.96636 | 0.00501
 275   | 09-01-2023 | 23:23:16 | 0.05655 | 0.02199 | 0.01923 | 0.99780 | 0.96643 | 0.00588
 276   | 09-01-2023 | 23:25:24 | 0.03269 | 0.00035 | 0.02675 | 0.99968 | 0.96711 | 0.00688
 277   | 09-01-2023 | 23:27:33 | 0.04472 | 0.01067 | 0.04885 | 0.99637 | 0.96713 | 0.01216
 278   | 09-01-2023 | 23:29:42 | 0.03781 | 0.00578 | 0.04793 | 0.99966 | 0.96778 | 0.01207
 279   | 09-01-2023 | 23:31:50 | 0.03425 | 0.00243 | 0.01715 | 0.99971 | 0.96761 | 0.00578
 280   | 09-01-2023 | 23:33:59 | 0.03505 | 0.00312 | 0.04220 | 0.99843 | 0.96880 | 0.01011
 281   | 09-01-2023 | 23:36:07 | 0.03798 | 0.00461 | 0.01554 | 0.99936 | 0.96759 | 0.00677
 282   | 09-01-2023 | 23:38:17 | 0.03331 | 0.00085 | 0.03994 | 0.99945 | 0.96651 | 0.01008
 283   | 09-01-2023 | 23:40:26 | 0.03298 | 0.00061 | 0.02342 | 0.99965 | 0.96628 | 0.00999
 284   | 09-01-2023 | 23:42:35 | 0.03375 | 0.00078 | 0.03113 | 0.99940 | 0.96738 | 0.00999
 285   | 09-01-2023 | 23:44:43 | 0.03477 | 0.00125 | 0.02295 | 0.99940 | 0.96786 | 0.00588
 286   | 09-01-2023 | 23:46:53 | 0.03640 | 0.00205 | 0.02354 | 0.99916 | 0.96594 | 0.01181
 287   | 09-01-2023 | 23:49:02 | 0.06835 | 0.03005 | 0.01839 | 0.99727 | 0.96527 | 0.00582
 288   | 09-01-2023 | 23:51:09 | 0.04212 | 0.00667 | 0.03900 | 0.99753 | 0.96374 | 0.01212
 289   | 09-01-2023 | 23:53:18 | 0.04406 | 0.00857 | 0.01605 | 0.99818 | 0.96413 | 0.01173
 290   | 09-01-2023 | 23:55:27 | 0.08819 | 0.04828 | 0.04793 | 0.99022 | 0.96374 | 0.01204
 291   | 09-01-2023 | 23:57:36 | 0.04206 | 0.00874 | 0.03210 | 0.99400 | 0.96474 | 0.00672
 292   | 09-01-2023 | 23:59:44 | 0.04125 | 0.00436 | 0.02425 | 0.99838 | 0.96615 | 0.00587
 293   | 10-01-2023 | 00:01:53 | 0.04613 | 0.00976 | 0.03033 | 0.99464 | 0.96850 | 0.00990
 294   | 10-01-2023 | 00:04:01 | 0.04000 | 0.00863 | 0.04606 | 0.99577 | 0.97012 | 0.01170
 295   | 10-01-2023 | 00:06:09 | 0.03851 | 0.00793 | 0.01569 | 0.99884 | 0.97025 | 0.00382
 296   | 10-01-2023 | 00:08:18 | 0.03391 | 0.00200 | 0.04702 | 0.99905 | 0.96867 | 0.01181
 297   | 10-01-2023 | 00:10:27 | 0.03282 | 0.00155 | 0.01923 | 0.99963 | 0.96843 | 0.00525
 298   | 10-01-2023 | 00:12:35 | 0.03295 | 0.00165 | 0.04612 | 0.99944 | 0.96752 | 0.01190
 299   | 10-01-2023 | 00:14:44 | 0.03543 | 0.00310 | 0.04779 | 0.99940 | 0.96875 | 0.01239
 300   | 10-01-2023 | 00:16:52 | 0.03558 | 0.00296 | 0.01575 | 0.99945 | 0.96740 | 0.01177
 301   | 10-01-2023 | 00:19:02 | 0.03974 | 0.00605 | 0.04474 | 0.99954 | 0.96621 | 0.01158
 302   | 10-01-2023 | 00:21:11 | 0.03608 | 0.00317 | 0.01099 | 0.99931 | 0.96735 | 0.00983
 303   | 10-01-2023 | 00:23:19 | 0.03875 | 0.00561 | 0.02949 | 0.99919 | 0.96502 | 0.00968
 304   | 10-01-2023 | 00:25:28 | 0.03695 | 0.00188 | 0.02232 | 0.99953 | 0.96532 | 0.00535
 305   | 10-01-2023 | 00:27:36 | 0.04114 | 0.00562 | 0.02655 | 0.99953 | 0.96524 | 0.00703
 306   | 10-01-2023 | 00:29:44 | 0.03516 | 0.00135 | 0.04128 | 0.99934 | 0.96496 | 0.01145
 307   | 10-01-2023 | 00:31:52 | 0.03585 | 0.00183 | 0.03977 | 0.99927 | 0.96613 | 0.00955
 308   | 10-01-2023 | 00:34:01 | 0.03670 | 0.00128 | 0.04362 | 0.99960 | 0.96695 | 0.01152
 309   | 10-01-2023 | 00:36:10 | 0.03594 | 0.00219 | 0.03837 | 0.99962 | 0.96606 | 0.01144
 310   | 10-01-2023 | 00:38:17 | 0.03506 | 0.00060 | 0.02230 | 0.99921 | 0.96619 | 0.00539
 311   | 10-01-2023 | 00:40:27 | 0.03345 | 0.00078 | 0.04114 | 0.99919 | 0.96689 | 0.01141
 312   | 10-01-2023 | 00:42:35 | 0.03576 | 0.00199 | 0.04240 | 0.99713 | 0.96696 | 0.01126
 313   | 10-01-2023 | 00:44:45 | 0.03510 | 0.00166 | 0.03202 | 0.99939 | 0.96543 | 0.01215
 314   | 10-01-2023 | 00:46:54 | 0.03739 | 0.00425 | 0.02252 | 0.99905 | 0.96727 | 0.00692
 315   | 10-01-2023 | 00:49:03 | 0.03467 | 0.00074 | 0.04392 | 0.99898 | 0.96593 | 0.01105
 316   | 10-01-2023 | 00:51:13 | 0.03568 | 0.00185 | 0.01312 | 0.99956 | 0.96704 | 0.00942
 317   | 10-01-2023 | 00:53:22 | 0.03637 | 0.00357 | 0.02452 | 0.99779 | 0.96659 | 0.00690
 318   | 10-01-2023 | 00:55:30 | 0.03359 | 0.00051 | 0.04075 | 0.99963 | 0.96722 | 0.01046
 319   | 10-01-2023 | 00:57:37 | 0.03450 | 0.00067 | 0.01951 | 0.99959 | 0.96769 | 0.00680
 320   | 10-01-2023 | 00:59:46 | 0.03410 | 0.00027 | 0.03691 | 0.99957 | 0.96660 | 0.00957
 321   | 10-01-2023 | 01:01:55 | 0.03401 | 0.00061 | 0.03967 | 0.99953 | 0.96676 | 0.01111
 322   | 10-01-2023 | 01:04:04 | 0.03447 | 0.00031 | 0.01937 | 0.99986 | 0.96683 | 0.00690
 323   | 10-01-2023 | 01:06:13 | 0.04503 | 0.01110 | 0.04045 | 0.99504 | 0.96485 | 0.01081
 324   | 10-01-2023 | 01:08:21 | 0.03402 | 0.00063 | 0.02509 | 0.99835 | 0.96605 | 0.00630
 325   | 10-01-2023 | 01:10:29 | 0.03376 | 0.00071 | 0.03571 | 0.99968 | 0.96621 | 0.00932
 326   | 10-01-2023 | 01:12:38 | 0.03731 | 0.00288 | 0.02926 | 0.99962 | 0.96724 | 0.01094
 327   | 10-01-2023 | 01:14:47 | 0.03463 | 0.00085 | 0.02869 | 0.99947 | 0.96766 | 0.01084
 328   | 10-01-2023 | 01:16:57 | 0.03541 | 0.00127 | 0.04197 | 0.99915 | 0.96683 | 0.01115
 329   | 10-01-2023 | 01:19:06 | 0.03731 | 0.00420 | 0.02346 | 0.99969 | 0.96722 | 0.00705
 330   | 10-01-2023 | 01:21:15 | 0.03546 | 0.00144 | 0.03961 | 0.99931 | 0.96656 | 0.01095
 331   | 10-01-2023 | 01:23:23 | 0.03421 | 0.00057 | 0.01404 | 0.99965 | 0.96699 | 0.00418
 332   | 10-01-2023 | 01:25:31 | 0.03728 | 0.00402 | 0.01365 | 0.99974 | 0.96589 | 0.00465
 333   | 10-01-2023 | 01:27:40 | 0.03434 | 0.00105 | 0.03505 | 0.99957 | 0.96674 | 0.00924
 334   | 10-01-2023 | 01:29:50 | 0.03520 | 0.00276 | 0.04466 | 0.99925 | 0.96662 | 0.01157
 335   | 10-01-2023 | 01:31:57 | 0.03441 | 0.00019 | 0.03546 | 0.99953 | 0.96555 | 0.01068
 336   | 10-01-2023 | 01:34:07 | 0.03470 | 0.00116 | 0.02305 | 0.99945 | 0.96723 | 0.01069
 337   | 10-01-2023 | 01:36:16 | 0.03767 | 0.00410 | 0.01300 | 0.99962 | 0.96624 | 0.00482
 338   | 10-01-2023 | 01:38:25 | 0.03496 | 0.00106 | 0.02342 | 0.99922 | 0.96687 | 0.00639
 339   | 10-01-2023 | 01:40:33 | 0.03885 | 0.00661 | 0.01813 | 0.99786 | 0.96723 | 0.00515
 340   | 10-01-2023 | 01:42:42 | 0.03442 | 0.00059 | 0.04053 | 0.99928 | 0.96560 | 0.01068
 341   | 10-01-2023 | 01:44:49 | 0.03385 | 0.00061 | 0.02519 | 0.99962 | 0.96472 | 0.00706
 342   | 10-01-2023 | 01:46:59 | 0.03499 | 0.00186 | 0.01750 | 0.99942 | 0.96719 | 0.01043
 343   | 10-01-2023 | 01:49:08 | 0.03867 | 0.00477 | 0.04012 | 0.99937 | 0.96657 | 0.01056
 344   | 10-01-2023 | 01:51:17 | 0.03548 | 0.00130 | 0.02966 | 0.99925 | 0.96641 | 0.01056
 345   | 10-01-2023 | 01:53:26 | 0.03958 | 0.00602 | 0.03131 | 0.99928 | 0.96667 | 0.01070
 346   | 10-01-2023 | 01:55:34 | 0.03549 | 0.00138 | 0.02175 | 0.99947 | 0.96496 | 0.00583
 347   | 10-01-2023 | 01:57:42 | 0.03508 | 0.00195 | 0.02028 | 0.99942 | 0.96664 | 0.00586
 348   | 10-01-2023 | 01:59:50 | 0.03380 | 0.00043 | 0.02102 | 0.99954 | 0.96727 | 0.00592
 349   | 10-01-2023 | 02:01:57 | 0.03352 | 0.00079 | 0.02610 | 0.99968 | 0.96745 | 0.00713
 350   | 10-01-2023 | 02:04:06 | 0.03539 | 0.00168 | 0.03569 | 0.99962 | 0.96648 | 0.01076
 351   | 10-01-2023 | 02:06:15 | 0.03470 | 0.00177 | 0.01628 | 0.99939 | 0.96654 | 0.00479
 352   | 10-01-2023 | 02:08:25 | 0.03426 | 0.00134 | 0.04055 | 0.99942 | 0.96696 | 0.01101
 353   | 10-01-2023 | 02:10:32 | 0.03528 | 0.00210 | 0.03827 | 0.99947 | 0.96773 | 0.01051
 354   | 10-01-2023 | 02:12:41 | 0.03765 | 0.00441 | 0.03853 | 0.99812 | 0.96685 | 0.01038
 355   | 10-01-2023 | 02:14:50 | 0.03480 | 0.00115 | 0.02395 | 0.99950 | 0.96533 | 0.00653
 356   | 10-01-2023 | 02:16:59 | 0.03595 | 0.00395 | 0.03851 | 0.99931 | 0.96618 | 0.01049
 357   | 10-01-2023 | 02:19:07 | 0.03383 | 0.00119 | 0.01955 | 0.99939 | 0.96640 | 0.00720
 358   | 10-01-2023 | 02:21:16 | 0.03817 | 0.00424 | 0.03910 | 0.99884 | 0.96487 | 0.01023
 359   | 10-01-2023 | 02:23:25 | 0.04087 | 0.00639 | 0.04407 | 0.99551 | 0.96679 | 0.01027
 360   | 10-01-2023 | 02:25:32 | 0.11921 | 0.07858 | 0.02220 | 0.99686 | 0.96669 | 0.00727
 361   | 10-01-2023 | 02:27:40 | 0.04130 | 0.00681 | 0.04065 | 0.99394 | 0.96901 | 0.01025
 362   | 10-01-2023 | 02:29:49 | 0.03664 | 0.00594 | 0.02649 | 0.99658 | 0.96889 | 0.00736
 363   | 10-01-2023 | 02:31:58 | 0.03424 | 0.00304 | 0.02667 | 0.99895 | 0.96878 | 0.01008
 364   | 10-01-2023 | 02:34:07 | 0.03998 | 0.00918 | 0.02810 | 0.99712 | 0.96747 | 0.01008
 365   | 10-01-2023 | 02:36:16 | 0.03613 | 0.00291 | 0.03707 | 0.99910 | 0.96629 | 0.00986
 366   | 10-01-2023 | 02:38:25 | 0.03771 | 0.00320 | 0.02712 | 0.99893 | 0.96501 | 0.01020
 367   | 10-01-2023 | 02:40:34 | 0.03506 | 0.00161 | 0.03282 | 0.99916 | 0.96576 | 0.00872
 368   | 10-01-2023 | 02:42:42 | 0.03963 | 0.00544 | 0.02443 | 0.99902 | 0.96599 | 0.00672
 369   | 10-01-2023 | 02:44:51 | 0.03631 | 0.00150 | 0.02230 | 0.99930 | 0.96557 | 0.00724
 370   | 10-01-2023 | 02:46:59 | 0.03759 | 0.00349 | 0.03408 | 0.99850 | 0.96666 | 0.00895
 371   | 10-01-2023 | 02:49:09 | 0.03423 | 0.00128 | 0.04378 | 0.99446 | 0.96547 | 0.00996
 372   | 10-01-2023 | 02:51:18 | 0.03435 | 0.00054 | 0.04476 | 0.99574 | 0.96741 | 0.01070
 373   | 10-01-2023 | 02:53:26 | 0.03416 | 0.00092 | 0.03855 | 0.99934 | 0.96746 | 0.01011
 374   | 10-01-2023 | 02:55:35 | 0.03423 | 0.00039 | 0.03689 | 0.99951 | 0.96569 | 0.01011
 375   | 10-01-2023 | 02:57:43 | 0.03950 | 0.00609 | 0.03512 | 0.99959 | 0.96667 | 0.00971
 376   | 10-01-2023 | 02:59:52 | 0.03482 | 0.00165 | 0.04134 | 0.99696 | 0.96542 | 0.01013
 377   | 10-01-2023 | 03:02:01 | 0.03855 | 0.00434 | 0.03607 | 0.99570 | 0.96597 | 0.01005
 378   | 10-01-2023 | 03:04:09 | 0.03961 | 0.00657 | 0.03847 | 0.99344 | 0.96725 | 0.00993
 379   | 10-01-2023 | 03:06:18 | 0.03391 | 0.00066 | 0.02509 | 0.99937 | 0.96683 | 0.00695
 380   | 10-01-2023 | 03:08:26 | 0.03474 | 0.00256 | 0.03194 | 0.99883 | 0.96630 | 0.00912
 381   | 10-01-2023 | 03:10:36 | 0.03441 | 0.00101 | 0.03599 | 0.99910 | 0.96716 | 0.01007
 382   | 10-01-2023 | 03:12:45 | 0.03494 | 0.00142 | 0.02527 | 0.99794 | 0.96788 | 0.00744
 383   | 10-01-2023 | 03:14:53 | 0.03561 | 0.00223 | 0.03493 | 0.99878 | 0.96780 | 0.00969
 384   | 10-01-2023 | 03:17:02 | 0.03824 | 0.00475 | 0.03249 | 0.99734 | 0.96845 | 0.00903
 385   | 10-01-2023 | 03:19:11 | 0.03506 | 0.00285 | 0.03534 | 0.99899 | 0.96736 | 0.00983
 386   | 10-01-2023 | 03:21:20 | 0.03433 | 0.00138 | 0.02561 | 0.99922 | 0.96721 | 0.00988
 387   | 10-01-2023 | 03:23:29 | 0.03495 | 0.00150 | 0.01638 | 0.99907 | 0.96742 | 0.00588
 388   | 10-01-2023 | 03:25:37 | 0.03593 | 0.00434 | 0.03265 | 0.99812 | 0.96675 | 0.00888
 389   | 10-01-2023 | 03:27:47 | 0.06409 | 0.02624 | 0.03552 | 0.99466 | 0.96917 | 0.00969
 390   | 10-01-2023 | 03:29:55 | 0.03641 | 0.00667 | 0.03044 | 0.99683 | 0.97042 | 0.01004
 391   | 10-01-2023 | 03:32:03 | 0.03293 | 0.00446 | 0.02301 | 0.99799 | 0.96958 | 0.00709
 392   | 10-01-2023 | 03:34:12 | 0.03616 | 0.00629 | 0.02871 | 0.99858 | 0.97001 | 0.00978
 393   | 10-01-2023 | 03:36:20 | 0.03454 | 0.00204 | 0.02089 | 0.99864 | 0.96818 | 0.00675
 394   | 10-01-2023 | 03:38:29 | 0.03453 | 0.00274 | 0.02517 | 0.99884 | 0.96871 | 0.00689
 395   | 10-01-2023 | 03:40:37 | 0.03401 | 0.00103 | 0.03505 | 0.99780 | 0.96764 | 0.00938
 396   | 10-01-2023 | 03:42:46 | 0.03430 | 0.00198 | 0.03569 | 0.99924 | 0.96551 | 0.00990
 397   | 10-01-2023 | 03:44:54 | 0.03417 | 0.00106 | 0.03003 | 0.99902 | 0.96636 | 0.00889
 398   | 10-01-2023 | 03:47:04 | 0.07718 | 0.03660 | 0.03625 | 0.99481 | 0.96716 | 0.00995
 399   | 10-01-2023 | 03:49:11 | 0.04023 | 0.00820 | 0.02460 | 0.99792 | 0.96860 | 0.00676
 400   | 10-01-2023 | 03:51:21 | 0.03518 | 0.00375 | 0.03874 | 0.99710 | 0.96884 | 0.00961
 401   | 10-01-2023 | 03:53:28 | 0.03442 | 0.00411 | 0.02887 | 0.99841 | 0.96902 | 0.00759
 402   | 10-01-2023 | 03:55:36 | 0.03824 | 0.00750 | 0.02401 | 0.99846 | 0.97036 | 0.00732
 403   | 10-01-2023 | 03:57:44 | 0.03761 | 0.00723 | 0.01864 | 0.99854 | 0.96881 | 0.00566
 404   | 10-01-2023 | 03:59:53 | 0.03230 | 0.00158 | 0.03516 | 0.99854 | 0.96795 | 0.00966
 405   | 10-01-2023 | 04:02:02 | 0.03318 | 0.00203 | 0.02586 | 0.99850 | 0.96845 | 0.00943
 406   | 10-01-2023 | 04:04:10 | 0.03735 | 0.00466 | 0.03542 | 0.99673 | 0.96689 | 0.00952
 407   | 10-01-2023 | 04:06:19 | 0.03541 | 0.00141 | 0.02222 | 0.99919 | 0.96720 | 0.00908
 408   | 10-01-2023 | 04:08:28 | 0.03672 | 0.00343 | 0.03113 | 0.99902 | 0.96769 | 0.00874
 409   | 10-01-2023 | 04:10:37 | 0.03910 | 0.00633 | 0.03418 | 0.99860 | 0.96689 | 0.00941
 410   | 10-01-2023 | 04:12:46 | 0.05029 | 0.01488 | 0.02509 | 0.99730 | 0.96719 | 0.00756
 411   | 10-01-2023 | 04:14:55 | 0.03808 | 0.00561 | 0.04065 | 0.99303 | 0.96683 | 0.00917
 412   | 10-01-2023 | 04:17:04 | 0.04215 | 0.01020 | 0.02500 | 0.99780 | 0.96652 | 0.00941
 413   | 10-01-2023 | 04:19:13 | 0.03823 | 0.00435 | 0.03440 | 0.99672 | 0.96793 | 0.00939
 414   | 10-01-2023 | 04:21:22 | 0.03510 | 0.00191 | 0.03113 | 0.99803 | 0.96749 | 0.00946
 415   | 10-01-2023 | 04:23:30 | 0.03422 | 0.00156 | 0.01980 | 0.99875 | 0.96795 | 0.00595
 416   | 10-01-2023 | 04:25:40 | 0.04284 | 0.00990 | 0.02905 | 0.99883 | 0.96707 | 0.00937
 417   | 10-01-2023 | 04:27:49 | 0.03382 | 0.00076 | 0.02372 | 0.99875 | 0.96760 | 0.00690
 418   | 10-01-2023 | 04:29:57 | 0.03649 | 0.00445 | 0.02885 | 0.99855 | 0.96651 | 0.00787
 419   | 10-01-2023 | 04:32:07 | 0.03419 | 0.00110 | 0.02496 | 0.99925 | 0.96789 | 0.00748
 420   | 10-01-2023 | 04:34:16 | 0.03602 | 0.00258 | 0.02675 | 0.99884 | 0.96595 | 0.00786
 421   | 10-01-2023 | 04:36:24 | 0.03668 | 0.00278 | 0.02769 | 0.99878 | 0.96658 | 0.00895
 422   | 10-01-2023 | 04:38:33 | 0.03463 | 0.00124 | 0.03017 | 0.99908 | 0.96719 | 0.00853
 423   | 10-01-2023 | 04:40:42 | 0.03620 | 0.00229 | 0.03190 | 0.99809 | 0.96664 | 0.00878
 424   | 10-01-2023 | 04:42:50 | 0.03489 | 0.00128 | 0.03349 | 0.99779 | 0.96594 | 0.00911
 425   | 10-01-2023 | 04:44:59 | 0.03807 | 0.00451 | 0.03235 | 0.99770 | 0.96739 | 0.00912
 426   | 10-01-2023 | 04:47:07 | 0.03378 | 0.00081 | 0.03210 | 0.99762 | 0.96630 | 0.00864
 427   | 10-01-2023 | 04:49:15 | 0.03387 | 0.00144 | 0.02490 | 0.99911 | 0.96691 | 0.00742
 428   | 10-01-2023 | 04:51:23 | 0.04025 | 0.00661 | 0.02543 | 0.99875 | 0.96667 | 0.00777
 429   | 10-01-2023 | 04:53:31 | 0.03464 | 0.00128 | 0.02629 | 0.99919 | 0.96676 | 0.00885
 430   | 10-01-2023 | 04:55:39 | 0.03608 | 0.00173 | 0.02240 | 0.99896 | 0.96505 | 0.00757
 431   | 10-01-2023 | 04:57:47 | 0.03881 | 0.00466 | 0.02401 | 0.99924 | 0.96650 | 0.00762
 432   | 10-01-2023 | 04:59:56 | 0.03375 | 0.00080 | 0.02401 | 0.99850 | 0.96555 | 0.00711
 433   | 10-01-2023 | 05:02:05 | 0.03405 | 0.00128 | 0.03603 | 0.99670 | 0.96720 | 0.00922
 434   | 10-01-2023 | 05:04:14 | 0.03588 | 0.00325 | 0.02549 | 0.99869 | 0.96763 | 0.00835
 435   | 10-01-2023 | 05:06:23 | 0.03567 | 0.00252 | 0.02922 | 0.99908 | 0.96655 | 0.00840
 436   | 10-01-2023 | 05:08:32 | 0.03538 | 0.00210 | 0.03239 | 0.99812 | 0.96553 | 0.00917
 437   | 10-01-2023 | 05:10:40 | 0.03580 | 0.00235 | 0.02348 | 0.99866 | 0.96672 | 0.00882
 438   | 10-01-2023 | 05:12:49 | 0.03765 | 0.00398 | 0.02934 | 0.99899 | 0.96703 | 0.00903
 439   | 10-01-2023 | 05:14:57 | 0.03726 | 0.00233 | 0.03013 | 0.99870 | 0.96727 | 0.00853
 440   | 10-01-2023 | 05:17:06 | 0.03526 | 0.00177 | 0.02539 | 0.99870 | 0.96714 | 0.00878
 441   | 10-01-2023 | 05:19:15 | 0.03513 | 0.00239 | 0.02460 | 0.99907 | 0.96700 | 0.00746
 442   | 10-01-2023 | 05:21:23 | 0.03356 | 0.00136 | 0.02991 | 0.99898 | 0.96769 | 0.00876
 443   | 10-01-2023 | 05:23:32 | 0.03458 | 0.00131 | 0.02960 | 0.99873 | 0.96730 | 0.00855
 444   | 10-01-2023 | 05:25:40 | 0.03343 | 0.00059 | 0.02724 | 0.99898 | 0.96756 | 0.00866
 445   | 10-01-2023 | 05:27:49 | 0.03482 | 0.00240 | 0.02991 | 0.99829 | 0.96630 | 0.00849
 446   | 10-01-2023 | 05:29:56 | 0.03691 | 0.00331 | 0.03056 | 0.99870 | 0.96590 | 0.00892
 447   | 10-01-2023 | 05:32:06 | 0.03429 | 0.00098 | 0.02437 | 0.99879 | 0.96644 | 0.00828
 448   | 10-01-2023 | 05:34:14 | 0.03372 | 0.00100 | 0.02498 | 0.99901 | 0.96824 | 0.00785
 449   | 10-01-2023 | 05:36:22 | 0.03248 | 0.00102 | 0.02309 | 0.99921 | 0.96670 | 0.00759
 450   | 10-01-2023 | 05:38:31 | 0.03606 | 0.00303 | 0.03062 | 0.99747 | 0.96832 | 0.00853
 451   | 10-01-2023 | 05:40:38 | 0.03573 | 0.00262 | 0.02915 | 0.99800 | 0.96659 | 0.00824
 452   | 10-01-2023 | 05:42:46 | 0.03476 | 0.00247 | 0.02507 | 0.99831 | 0.96812 | 0.00751
 453   | 10-01-2023 | 05:44:55 | 0.03602 | 0.00405 | 0.02767 | 0.99863 | 0.96791 | 0.00861
 454   | 10-01-2023 | 05:47:04 | 0.03765 | 0.00488 | 0.02907 | 0.99820 | 0.96853 | 0.00890
 455   | 10-01-2023 | 05:49:12 | 0.03307 | 0.00149 | 0.02356 | 0.99861 | 0.96768 | 0.00710
 456   | 10-01-2023 | 05:51:20 | 0.03668 | 0.00648 | 0.02964 | 0.99753 | 0.96859 | 0.00824
 457   | 10-01-2023 | 05:53:29 | 0.03969 | 0.00810 | 0.02816 | 0.99855 | 0.96880 | 0.00810
 458   | 10-01-2023 | 05:55:37 | 0.03389 | 0.00268 | 0.02818 | 0.99840 | 0.96893 | 0.00823
 459   | 10-01-2023 | 05:57:45 | 0.03517 | 0.00287 | 0.02863 | 0.99786 | 0.96680 | 0.00799
 460   | 10-01-2023 | 05:59:53 | 0.03769 | 0.00376 | 0.02920 | 0.99883 | 0.96734 | 0.00839
 461   | 10-01-2023 | 06:02:02 | 0.04270 | 0.00939 | 0.02934 | 0.99763 | 0.96671 | 0.00847
 462   | 10-01-2023 | 06:04:11 | 0.03695 | 0.00367 | 0.02938 | 0.99783 | 0.96662 | 0.00843
 463   | 10-01-2023 | 06:06:20 | 0.03720 | 0.00381 | 0.02818 | 0.99768 | 0.96729 | 0.00802
 464   | 10-01-2023 | 06:08:28 | 0.03890 | 0.00662 | 0.02795 | 0.99860 | 0.96714 | 0.00836
 465   | 10-01-2023 | 06:10:37 | 0.03412 | 0.00154 | 0.02704 | 0.99898 | 0.96671 | 0.00802
 466   | 10-01-2023 | 06:12:45 | 0.04189 | 0.00877 | 0.02871 | 0.99811 | 0.96591 | 0.00818
 467   | 10-01-2023 | 06:14:53 | 0.03617 | 0.00262 | 0.02606 | 0.99756 | 0.96607 | 0.00812
 468   | 10-01-2023 | 06:17:03 | 0.03438 | 0.00162 | 0.02753 | 0.99840 | 0.96701 | 0.00801
 469   | 10-01-2023 | 06:19:12 | 0.03647 | 0.00438 | 0.02698 | 0.99794 | 0.96860 | 0.00802
 470   | 10-01-2023 | 06:21:21 | 0.03593 | 0.00261 | 0.02822 | 0.99873 | 0.96716 | 0.00820
 471   | 10-01-2023 | 06:23:29 | 0.03581 | 0.00192 | 0.02466 | 0.99866 | 0.96774 | 0.00775
 472   | 10-01-2023 | 06:25:37 | 0.03338 | 0.00124 | 0.02824 | 0.99797 | 0.96701 | 0.00797
 473   | 10-01-2023 | 06:27:44 | 0.03415 | 0.00146 | 0.02671 | 0.99867 | 0.96736 | 0.00787
 474   | 10-01-2023 | 06:29:53 | 0.03893 | 0.00665 | 0.02708 | 0.99881 | 0.96711 | 0.00789
 475   | 10-01-2023 | 06:32:02 | 0.03538 | 0.00224 | 0.02553 | 0.99901 | 0.96619 | 0.00746
 476   | 10-01-2023 | 06:34:11 | 0.03517 | 0.00239 | 0.02661 | 0.99921 | 0.96725 | 0.00801
 477   | 10-01-2023 | 06:36:18 | 0.03470 | 0.00200 | 0.02464 | 0.99873 | 0.96556 | 0.00739
 478   | 10-01-2023 | 06:38:27 | 0.03563 | 0.00131 | 0.02706 | 0.99873 | 0.96615 | 0.00788
 479   | 10-01-2023 | 06:40:36 | 0.03732 | 0.00283 | 0.02378 | 0.99893 | 0.96600 | 0.00757
 480   | 10-01-2023 | 06:42:45 | 0.03460 | 0.00256 | 0.02555 | 0.99872 | 0.96609 | 0.00790
 481   | 10-01-2023 | 06:44:54 | 0.03380 | 0.00239 | 0.02897 | 0.99898 | 0.96654 | 0.00792
 482   | 10-01-2023 | 06:47:03 | 0.03866 | 0.00512 | 0.02490 | 0.99884 | 0.96675 | 0.00774
 483   | 10-01-2023 | 06:49:11 | 0.03666 | 0.00193 | 0.02417 | 0.99907 | 0.96637 | 0.00754
 484   | 10-01-2023 | 06:51:19 | 0.03940 | 0.00365 | 0.02726 | 0.99850 | 0.96602 | 0.00806
 485   | 10-01-2023 | 06:53:28 | 0.03544 | 0.00084 | 0.02702 | 0.99893 | 0.96634 | 0.00802
 486   | 10-01-2023 | 06:55:37 | 0.03585 | 0.00124 | 0.02647 | 0.99895 | 0.96749 | 0.00776
 487   | 10-01-2023 | 06:57:46 | 0.03444 | 0.00180 | 0.02600 | 0.99866 | 0.96696 | 0.00743
 488   | 10-01-2023 | 06:59:54 | 0.03592 | 0.00245 | 0.02696 | 0.99904 | 0.96587 | 0.00795
 489   | 10-01-2023 | 07:02:02 | 0.03510 | 0.00180 | 0.02582 | 0.99899 | 0.96704 | 0.00782
 490   | 10-01-2023 | 07:04:11 | 0.03474 | 0.00100 | 0.02673 | 0.99918 | 0.96605 | 0.00758
 491   | 10-01-2023 | 07:06:19 | 0.03602 | 0.00210 | 0.02441 | 0.99892 | 0.96608 | 0.00759
 492   | 10-01-2023 | 07:08:28 | 0.03430 | 0.00121 | 0.02616 | 0.99887 | 0.96599 | 0.00789
 493   | 10-01-2023 | 07:10:37 | 0.03524 | 0.00131 | 0.02724 | 0.99890 | 0.96664 | 0.00808
 494   | 10-01-2023 | 07:12:46 | 0.03595 | 0.00223 | 0.02669 | 0.99899 | 0.96580 | 0.00788
 495   | 10-01-2023 | 07:14:54 | 0.03536 | 0.00150 | 0.02338 | 0.99898 | 0.96653 | 0.00725
 496   | 10-01-2023 | 07:17:04 | 0.03761 | 0.00300 | 0.02720 | 0.99872 | 0.96695 | 0.00794
 497   | 10-01-2023 | 07:19:13 | 0.03662 | 0.00389 | 0.02586 | 0.99872 | 0.96647 | 0.00802
 498   | 10-01-2023 | 07:21:22 | 0.03653 | 0.00239 | 0.02684 | 0.99886 | 0.96685 | 0.00794
 499   | 10-01-2023 | 07:23:31 | 0.03505 | 0.00199 | 0.02620 | 0.99870 | 0.96740 | 0.00762
 500   | 10-01-2023 | 07:25:40 | 0.03621 | 0.00196 | 0.02655 | 0.99837 | 0.96759 | 0.00778
 501   | 10-01-2023 | 07:27:48 | 0.03439 | 0.00225 | 0.02726 | 0.99846 | 0.96824 | 0.00782
 502   | 10-01-2023 | 07:29:57 | 0.03595 | 0.00282 | 0.02722 | 0.99849 | 0.96692 | 0.00783
 503   | 10-01-2023 | 07:32:06 | 0.03640 | 0.00319 | 0.02484 | 0.99823 | 0.96826 | 0.00770
 504   | 10-01-2023 | 07:34:16 | 0.03453 | 0.00224 | 0.02659 | 0.99879 | 0.96617 | 0.00778
 505   | 10-01-2023 | 07:36:25 | 0.03438 | 0.00222 | 0.02671 | 0.99846 | 0.96556 | 0.00743
 506   | 10-01-2023 | 07:38:33 | 0.03592 | 0.00255 | 0.02665 | 0.99831 | 0.96743 | 0.00800
 507   | 10-01-2023 | 07:40:42 | 0.03583 | 0.00124 | 0.02425 | 0.99893 | 0.96637 | 0.00731
 508   | 10-01-2023 | 07:42:51 | 0.03659 | 0.00308 | 0.02765 | 0.99893 | 0.96558 | 0.00794
 509   | 10-01-2023 | 07:45:01 | 0.03519 | 0.00193 | 0.02718 | 0.99881 | 0.96623 | 0.00799
 510   | 10-01-2023 | 07:47:10 | 0.03527 | 0.00197 | 0.02610 | 0.99860 | 0.96678 | 0.00763
 511   | 10-01-2023 | 07:49:19 | 0.03642 | 0.00282 | 0.02584 | 0.99889 | 0.96636 | 0.00721
 512   | 10-01-2023 | 07:51:28 | 0.03561 | 0.00313 | 0.02622 | 0.99896 | 0.96773 | 0.00776
 513   | 10-01-2023 | 07:53:38 | 0.03757 | 0.00235 | 0.02661 | 0.99890 | 0.96600 | 0.00808
 514   | 10-01-2023 | 07:55:46 | 0.03474 | 0.00217 | 0.02810 | 0.99873 | 0.96668 | 0.00787
 515   | 10-01-2023 | 07:57:55 | 0.03660 | 0.00194 | 0.02561 | 0.99878 | 0.96586 | 0.00761
 516   | 10-01-2023 | 08:00:04 | 0.03431 | 0.00131 | 0.02779 | 0.99881 | 0.96750 | 0.00826
 517   | 10-01-2023 | 08:02:13 | 0.03548 | 0.00283 | 0.02804 | 0.99823 | 0.96703 | 0.00816
 518   | 10-01-2023 | 08:04:21 | 0.03565 | 0.00223 | 0.02818 | 0.99857 | 0.96624 | 0.00813
 519   | 10-01-2023 | 08:06:30 | 0.03387 | 0.00212 | 0.02551 | 0.99908 | 0.96777 | 0.00756
 520   | 10-01-2023 | 08:08:39 | 0.03712 | 0.00420 | 0.02677 | 0.99850 | 0.96810 | 0.00785
 521   | 10-01-2023 | 08:10:47 | 0.03540 | 0.00205 | 0.02781 | 0.99838 | 0.96744 | 0.00817
 522   | 10-01-2023 | 08:12:55 | 0.03529 | 0.00217 | 0.02820 | 0.99852 | 0.96745 | 0.00792
 523   | 10-01-2023 | 08:15:04 | 0.03614 | 0.00286 | 0.02793 | 0.99837 | 0.96620 | 0.00774
 524   | 10-01-2023 | 08:17:12 | 0.03477 | 0.00210 | 0.02755 | 0.99846 | 0.96692 | 0.00803
 525   | 10-01-2023 | 08:19:22 | 0.03519 | 0.00319 | 0.02694 | 0.99852 | 0.96678 | 0.00785
 526   | 10-01-2023 | 08:21:30 | 0.03498 | 0.00333 | 0.03042 | 0.99829 | 0.96613 | 0.00836
 527   | 10-01-2023 | 08:23:40 | 0.03369 | 0.00179 | 0.02649 | 0.99892 | 0.96766 | 0.00793
